#Atom          Mean   Std dev      Min       Max        N
ALA_C         42.49     20.20     0.00    112.53    29019
ALA_CA        42.25     22.97     0.00    123.24    29036
ALA_CB        46.55     30.32     0.00    135.74    29019
ALA_N         40.82     18.52     0.00    108.11    29024
ALA_O         44.68     23.57     0.00    118.82    29018
ALA_OXT       20.04     22.78     0.00     92.44      346
ARG_C         36.40     16.65     0.00     96.56    19426
ARG_CA        31.91     16.08     0.00     99.93    19435
ARG_CB        29.04     17.59     0.00    101.88    19422
ARG_CD        24.49     19.78     0.00    113.01    19422
ARG_CG        26.60     18.90     0.00    107.96    19422
ARG_CZ        23.72     18.47     0.00    132.84    19422
ARG_N         35.15     15.30     0.00     92.83    19431
ARG_NE        24.14     18.58     0.00    126.11    19422
ARG_NH1       23.61     19.12     0.00    114.85    19422
ARG_NH2       23.82     19.66     0.00    137.62    19422
ARG_O         39.49     20.75     0.00    121.11    19426
ARG_OXT       14.55     17.99     0.00     85.80      290
ASN_C         34.08     16.47     0.00    105.15    17317
ASN_CA        29.08     15.53     0.00    100.38    17323
ASN_CB        27.23     18.64     0.00    109.79    17310
ASN_CG        25.64     19.71     0.00    123.79    17310
ASN_N         31.99     14.49     0.00     98.74    17314
ASN_ND2       25.88     21.23     0.00    135.38    17310
ASN_O         36.61     20.61     0.00    109.80    17316
ASN_OD1       26.52     21.01     0.00    125.49    17310
ASN_OXT       17.06     19.59     0.00     86.92      208
ASP_C         34.77     16.18     0.00    103.42    22662
ASP_CA        29.10     14.97     0.00     92.47    22695
ASP_CB        26.55     17.93     0.00    109.95    22661
ASP_CG        23.38     17.38     0.00    116.55    22660
ASP_N         32.27     14.23     0.00     97.43    22665
ASP_O         37.39     20.18     0.00    108.55    22662
ASP_OD1       23.75     17.25     0.00    112.80    22660
ASP_OD2       23.14     19.41     0.00    130.27    22660
ASP_OXT       16.01     17.56     0.00     74.49      227
CYS_C         40.17     18.38     0.00     95.77     6350
CYS_CA        39.65     18.64     0.00    107.11     6351
CYS_CB        46.25     24.46     0.00    127.39     6349
CYS_N         39.09     17.07     0.00    101.92     6350
CYS_O         43.24     22.14     0.00    114.29     6350
CYS_OXT       20.71     23.80     0.00     76.04       62
CYS_SG        51.97     29.67     0.00    144.83     6349
GLN_C         35.67     16.74     0.00     99.13    15148
GLN_CA        30.75     15.98     0.00     92.94    15156
GLN_CB        28.76     18.46     0.00    100.00    15146
GLN_CD        25.94     20.65     0.00    132.13    15145
GLN_CG        26.17     19.81     0.00    118.29    15145
GLN_N         33.89     14.85     0.00     97.42    15151
GLN_NE2       25.87     21.37     0.00    137.59    15145
GLN_O         38.54     20.63     0.00    119.49    15147
GLN_OE1       26.01     22.06     0.00    137.74    15145
GLN_OXT       16.08     19.78     0.00     90.24      218
GLU_C         35.12     16.37     0.00    104.15    25967
GLU_CA        29.68     15.40     0.00    108.26    26004
GLU_CB        26.13     17.24     0.00    114.28    25966
GLU_CD        21.60     17.75     0.00    116.82    25963
GLU_CG        23.32     18.35     0.00    108.61    25964
GLU_N         33.13     14.37     0.00     91.31    25972
GLU_O         37.66     20.30     0.00    108.66    25967
GLU_OE1       21.33     18.19     0.00    127.80    25963
GLU_OE2       21.09     18.67     0.00    126.88    25963
GLU_OXT       16.21     19.27     0.00    104.54      366
GLY_C         38.38     20.91     0.00    114.32    26649
GLY_CA        34.82     22.87     0.00    117.71    26673
GLY_N         36.67     20.00     0.00    118.92    26654
GLY_O         40.01     23.55     0.00    124.16    26649
GLY_OXT       16.59     19.93     0.00    102.05      321
HIS_C         36.28     16.92     0.00     95.33     9447
HIS_CA        32.38     16.26     0.00    103.23     9454
HIS_CB        33.84     20.64     0.00    109.77     9446
HIS_CD2       32.28     23.18     0.00    119.67     9446
HIS_CE1       30.44     22.96     0.00    123.51     9446
HIS_CG        31.35     20.96     0.00    111.19     9446
HIS_N         34.29     15.51     0.00    101.67     9448
HIS_ND1       30.74     21.45     0.00    122.47     9446
HIS_NE2       31.26     23.51     0.00    130.49     9446
HIS_O         39.69     21.05     0.00    109.31     9447
HIS_OXT       14.62     16.45     0.00     71.65      149
ILE_C         40.77     16.12     0.00    101.71    22903
ILE_CA        38.72     15.69     0.00     94.61    22926
ILE_CB        47.25     21.02     0.00    115.97    22901
ILE_CD1       64.31     33.47     0.00    152.36    22900
ILE_CG1       53.85     26.10     0.00    127.21    22901
ILE_CG2       52.94     27.37     0.00    131.64    22901
ILE_N         39.21     14.81     0.00     95.06    22903
ILE_O         45.81     20.46     0.00    110.18    22902
ILE_OXT       21.28     21.34     0.00     91.46      200
LEU_C         41.29     17.01     0.00    100.09    34782
LEU_CA        38.87     16.36     0.00    100.32    34797
LEU_CB        44.80     20.82     0.00    112.91    34782
LEU_CD1       60.76     32.44     0.00    150.76    34781
LEU_CD2       57.76     32.78     0.00    155.12    34781
LEU_CG        53.62     26.64     0.00    132.08    34781
LEU_N         39.03     15.40     0.00     93.60    34787
LEU_O         45.92     21.32     0.00    111.27    34782
LEU_OXT       18.59     20.67     0.00     86.76      421
LYS_C         34.67     16.61     0.00     95.09    23572
LYS_CA        29.80     15.96     0.00     94.46    23589
LYS_CB        26.41     17.49     0.00    103.27    23570
LYS_CD        19.76     17.66     0.00    117.52    23568
LYS_CE        16.97     16.49     0.00    121.04    23568
LYS_CG        22.58     18.10     0.00    102.56    23568
LYS_N         33.59     15.16     0.00     91.62    23576
LYS_NZ        14.04     14.67     0.00    120.74    23568
LYS_O         37.26     20.64     0.00    112.83    23572
LYS_OXT       13.75     17.24     0.00     77.87      348
MET_C         40.91     17.93     0.00     95.46     7122
MET_CA        38.19     18.08     0.00     96.62     7132
MET_CB        41.84     22.30     0.00    106.98     7119
MET_CE        55.79     35.62     0.00    153.93     7119
MET_CG        45.71     26.24     0.00    126.95     7119
MET_N         38.11     16.62     0.00     88.31     7121
MET_O         45.03     21.80     0.00    107.15     7122
MET_OXT       11.37     19.13     0.00     93.28       59
MET_SD        55.04     33.01     0.00    148.06     7119
PHE_C         39.93     16.71     0.00    101.34    16392
PHE_CA        38.60     16.55     0.00     98.80    16410
PHE_CB        44.63     21.22     0.00    110.73    16390
PHE_CD1       50.41     25.88     0.00    134.77    16390
PHE_CD2       52.36     26.55     0.00    130.68    16390
PHE_CE1       58.39     31.42     0.00    154.41    16390
PHE_CE2       59.90     31.76     0.00    150.61    16390
PHE_CG        46.94     22.57     0.00    113.88    16390
PHE_CZ        62.41     33.69     0.00    165.35    16389
PHE_N         38.03     15.42     0.00    102.57    16392
PHE_O         44.10     20.60     0.00    114.93    16392
PHE_OXT       17.97     19.34     0.00     72.69      178
PRO_C         34.68     16.77     0.00    101.17    17058
PRO_CA        32.08     18.40     0.00    111.62    17070
PRO_CB        31.44     24.60     0.00    131.42    17058
PRO_CD        31.11     22.17     0.00    124.93    17058
PRO_CG        31.18     26.42     0.00    139.00    17058
PRO_N         32.88     16.51     0.00    103.54    17060
PRO_O         37.14     20.41     0.00    114.71    17058
PRO_OXT       15.39     16.62     0.00     66.17      247
SER_C         35.90     17.57     0.00    103.10    23367
SER_CA        32.71     17.96     0.00    106.47    23375
SER_CB        31.89     22.12     0.00    124.69    23360
SER_N         34.72     16.43     0.00    105.33    23367
SER_O         38.36     21.43     0.00    114.84    23365
SER_OG        31.53     22.81     0.00    139.85    23360
SER_OXT       14.61     18.25     0.00     82.01      311
THR_C         36.60     16.70     0.00     93.91    21429
THR_CA        32.65     15.97     0.00    103.00    21452
THR_CB        32.84     20.68     0.00    120.70    21428
THR_CG2       35.33     27.19     0.00    134.56    21428
THR_N         34.56     14.83     0.00     96.34    21436
THR_O         40.09     20.97     0.00    116.70    21429
THR_OG1       31.36     21.54     0.00    121.51    21428
THR_OXT       15.63     18.25     0.00     80.18      222
TRP_C         39.43     16.44     0.00     93.16     5770
TRP_CA        37.95     15.95     0.00     90.96     5773
TRP_CB        42.14     20.35     0.00    106.58     5770
TRP_CD1       39.14     21.79     0.00    122.60     5770
TRP_CD2       43.97     21.25     0.00    112.54     5770
TRP_CE2       43.50     22.95     0.00    120.23     5770
TRP_CE3       52.22     25.50     0.00    122.18     5770
TRP_CG        40.23     19.99     0.00    103.53     5770
TRP_CH2       56.50     31.73     0.00    147.15     5770
TRP_CZ2       49.50     28.27     0.00    139.13     5770
TRP_CZ3       58.83     30.50     0.00    147.45     5770
TRP_N         37.57     15.14     0.00     96.60     5770
TRP_NE1       40.98     23.00     0.00    127.78     5770
TRP_O         42.96     20.50     0.00    104.91     5770
TRP_OXT       22.14     22.71     0.00    101.64       65
TYR_C         40.47     17.05     0.00     93.87    14180
TYR_CA        38.37     16.48     0.00     92.08    14186
TYR_CB        43.29     21.28     0.00    109.88    14178
TYR_CD1       42.94     23.43     0.00    121.11    14178
TYR_CD2       44.69     24.08     0.00    129.11    14178
TYR_CE1       44.33     25.27     0.00    139.52    14178
TYR_CE2       45.50     25.57     0.00    135.46    14178
TYR_CG        42.77     21.58     0.00    114.26    14178
TYR_CZ        44.98     25.05     0.00    127.10    14178
TYR_N         38.28     15.58     0.00     91.50    14179
TYR_O         44.41     20.90     0.00    108.95    14180
TYR_OH        43.89     27.37     0.00    134.22    14178
TYR_OXT       24.33     22.82     0.00     98.22      125
VAL_C         40.77     16.49     0.00     97.35    26921
VAL_CA        39.88     16.66     0.00     98.49    26948
VAL_CB        49.85     24.16     0.00    120.73    26920
VAL_CG1       54.37     29.77     0.00    137.84    26919
VAL_CG2       54.91     29.30     0.00    135.83    26920
VAL_N         40.03     15.58     0.00     97.47    26926
VAL_O         45.26     20.72     0.00    109.63    26921
VAL_OXT       23.16     22.26     0.00     86.46      259

