#Atom           Mean   Std dev       N
ALA_C          8.15      0.29     2049
ALA_CA        10.05      0.13     2049
ALA_CB        18.09      0.15     2049
ALA_N          9.28      0.39     2049
ALA_O          7.54      0.15     2049
ALA_OXT        9.72      0.07        4
ARG_C          8.13      0.26     1062
ARG_CA        10.03      0.14     1062
ARG_CB        13.88      0.24     1062
ARG_CD        14.05      0.25     1055
ARG_CG        13.88      0.23     1058
ARG_CZ         7.83      0.18     1052
ARG_N          9.28      0.45     1062
ARG_NE         9.42      0.29     1055
ARG_NH1       13.60      0.32     1051
ARG_NH2       13.69      0.31     1051
ARG_O          7.52      0.14     1062
ARG_OXT        9.72      0.10        5
ASN_C          8.13      0.19     1297
ASN_CA        10.06      0.29     1297
ASN_CB        13.92      0.24     1287
ASN_CG         8.16      0.25     1280
ASN_N          9.29      0.54     1296
ASN_ND2       13.41      0.36     1275
ASN_O          7.55      0.14     1296
ASN_OD1        7.56      0.18     1278
ASN_OXT        9.59      0.14       21
ASP_C          8.15      0.31     1546
ASP_CA        10.06      0.18     1546
ASP_CB        13.91      0.17     1543
ASP_CG         8.54      0.28     1541
ASP_N          9.26      0.33     1547
ASP_O          7.54      0.17     1546
ASP_OD1        7.56      0.21     1535
ASP_OD2        7.60      0.22     1535
ASP_OXT        9.65      0.27        2
CA_CA            Na        Na       58
CA_O          10.51      0.07       13
CL_CL         18.67      0.00        1
CYS_C          8.17      0.41      531
CYS_CA        10.04      0.12      531
CYS_CB        13.89      0.15      531
CYS_LPG1         Na        Na       11
CYS_LPG2         Na        Na       11
CYS_N          9.29      0.44      531
CYS_O          7.52      0.14      531
CYS_OXT        9.73      0.00        1
CYS_SG        17.12      1.22      531
GLN_C          8.11      0.12     1034
GLN_CA        10.04      0.18     1034
GLN_CB        13.90      0.23     1032
GLN_CD         8.16      0.24     1019
GLN_CG        13.93      0.28     1028
GLN_N          9.23      0.40     1034
GLN_NE2       13.45      0.30     1017
GLN_O          7.53      0.16     1034
GLN_OE1        7.59      0.16     1017
GLN_OXT        9.66      0.12        7
GLU_C          8.14      0.32     1326
GLU_CA        10.06      0.26     1326
GLU_CB        13.91      0.26     1315
GLU_CD         8.51      0.13     1307
GLU_CG        13.88      0.19     1307
GLU_N          9.22      0.34     1326
GLU_O          7.55      0.15     1326
GLU_OE1        7.55      0.31     1307
GLU_OE2        7.61      0.30     1307
GLU_OXT        9.65      0.19        5
GLY_C          8.17      0.27     2397
GLY_CA        14.18      0.15     2397
GLY_N          9.27      0.34     2399
GLY_O          7.57      0.15     2397
GLY_OXT        9.72      0.09        4
HIS_C          8.12      0.15      536
HIS_CA        10.07      0.14      536
HIS_CB        13.90      0.14      536
HIS_CD2       11.65      0.22      536
HIS_CE1       11.93      0.18      536
HIS_CG         7.49      0.11      536
HIS_N          9.23      0.19      536
HIS_ND1        9.15      0.33      536
HIS_NE2        7.42      0.16      536
HIS_O          7.54      0.15      536
HIS_OXT        9.60      0.00        1
ILE_C          8.12      0.16     1475
ILE_CA        10.09      0.14     1475
ILE_CB         9.93      0.16     1475
ILE_CD1       18.11      0.20     1475
ILE_CG1       13.97      0.19     1475
ILE_CG2       18.09      0.22     1475
ILE_N          9.26      0.45     1475
ILE_O          7.51      0.16     1475
ILE_OXT        9.64      0.00        1
LEU_C          8.14      0.23     1988
LEU_CA        10.05      0.14     1988
LEU_CB        13.89      0.15     1988
LEU_CD1       18.04      0.17     1988
LEU_CD2       18.04      0.17     1988
LEU_CG         9.82      0.14     1988
LEU_N          9.21      0.35     1988
LEU_O          7.51      0.16     1988
LEU_OXT        9.68      0.07       12
LYS_C          8.15      0.32     1563
LYS_CA        10.05      0.26     1563
LYS_CB        13.86      0.34     1551
LYS_CD        13.92      0.27     1538
LYS_CE        14.24      0.22     1529
LYS_CG        13.90      0.25     1543
LYS_N          9.25      0.41     1563
LYS_NZ        15.80      0.35     1525
LYS_O          7.54      0.17     1563
LYS_OXT        9.91      0.22       10
MET_C          8.10      0.11      437
MET_CA        10.04      0.12      437
MET_CB        13.83      0.17      437
MET_CE        17.91      0.26      435
MET_CG        13.89      0.23      437
MET_LPD1         Na        Na       11
MET_LPD2         Na        Na       11
MET_N          9.21      0.39      437
MET_O          7.52      0.18      437
MET_SD        16.63      0.15      435
NA_NA            Na        Na       12
PHE_C          8.14      0.24      993
PHE_CA        10.06      0.14      993
PHE_CB        13.91      0.17      993
PHE_CD1       11.30      0.11      992
PHE_CD2       11.31      0.13      992
PHE_CE1       11.31      0.12      992
PHE_CE2       11.32      0.17      992
PHE_CG         7.14      0.10      992
PHE_CZ        11.32      0.12      992
PHE_N          9.24      0.23      993
PHE_O          7.51      0.16      993
PHE_OXT        9.64      0.15        4
PRO_C          8.16      0.32     1172
PRO_CA        10.05      0.13     1172
PRO_CB        13.90      0.15     1172
PRO_CD        14.17      0.17     1172
PRO_CG        13.91      0.14     1172
PRO_N          5.34      0.29     1172
PRO_O          7.57      0.13     1172
SER_C          8.12      0.17     2143
SER_CA        10.05      0.14     2143
SER_CB        14.54      0.16     2142
SER_N          9.26      0.30     2143
SER_O          7.54      0.14     2143
SER_OG        10.15      0.21     2140
SER_OXT        9.62      0.13        3
SO_O1          7.24      0.03        3
SO_O2          7.22      0.07        3
SO_O3          7.28      0.11        3
SO_O4          7.30      0.07        3
SO_S          13.34      0.10        3
THR_C          8.12      0.18     1630
THR_CA        10.11      0.15     1630
THR_CB        10.51      0.19     1630
THR_CG2       18.08      0.20     1629
THR_N          9.24      0.25     1630
THR_O          7.54      0.15     1630
THR_OG1       10.21      0.24     1629
THR_OXT        9.35      0.27        5
TRP_C          8.12      0.15      502
TRP_CA        10.07      0.12      502
TRP_CB        13.89      0.13      502
TRP_CD1       11.70      0.13      502
TRP_CD2        7.05      0.12      502
TRP_CE2        7.30      0.12      502
TRP_CE3       11.30      0.11      502
TRP_CG         7.21      0.12      502
TRP_CH2       11.31      0.11      502
TRP_CZ2       11.30      0.11      502
TRP_CZ3       11.30      0.12      502
TRP_N          9.27      0.25      502
TRP_NE1        9.42      0.20      502
TRP_O          7.51      0.15      502
TYR_C          8.11      0.11     1099
TYR_CA        10.06      0.15     1099
TYR_CB        13.92      0.15     1099
TYR_CD1       11.30      0.13     1099
TYR_CD2       11.30      0.12     1099
TYR_CE1       11.29      0.13     1099
TYR_CE2       11.30      0.12     1099
TYR_CG         7.14      0.11     1099
TYR_CZ         7.69      0.10     1099
TYR_N          9.24      0.43     1099
TYR_O          7.50      0.16     1099
TYR_OH         9.98      0.27     1099
VAL_C          8.13      0.25     1910
VAL_CA        10.08      0.13     1910
VAL_CB         9.85      0.14     1910
VAL_CG1       18.06      0.15     1910
VAL_CG2       18.06      0.18     1910
VAL_N          9.24      0.33     1910
VAL_O          7.51      0.15     1910
